keyLength        |encrypt(ms)      |decrypt(ms)      |

1024             |0.618000         |0.092000         |
1024             |0.582000         |0.086000         |
1024             |0.591000         |0.090000         |
1024             |0.577000         |0.086000         |
1024             |0.580000         |0.084000         |
1024             |0.583000         |0.101000         |
1024             |0.616000         |0.093000         |
1024             |0.586000         |0.086000         |
1024             |0.596000         |0.089000         |
1024             |0.597000         |0.088000         |
1024             |0.607000         |0.095000         |
1024             |0.644000         |0.085000         |
1024             |0.589000         |0.091000         |
1024             |0.578000         |0.085000         |
1024             |0.575000         |0.088000         |
1024             |0.629000         |0.095000         |
1024             |0.573000         |0.089000         |
1024             |0.572000         |0.087000         |
1024             |0.572000         |0.090000         |
1024             |0.604000         |0.088000         |
1024             |0.575000         |0.084000         |
1024             |0.593000         |0.087000         |
1024             |0.616000         |0.097000         |
1024             |0.635000         |0.086000         |
1024             |0.606000         |0.095000         |
1024             |0.593000         |0.087000         |
1024             |0.580000         |0.087000         |
1024             |0.609000         |0.092000         |
1024             |0.583000         |0.085000         |
1024             |0.625000         |0.093000         |
1024             |0.634000         |0.092000         |
1024             |0.587000         |0.091000         |
1024             |0.592000         |0.082000         |
1024             |0.585000         |0.085000         |
1024             |0.577000         |0.088000         |
1024             |0.563000         |0.085000         |
1024             |0.577000         |0.082000         |
1024             |0.591000         |0.115000         |
1024             |0.569000         |0.082000         |
1024             |0.577000         |0.085000         |
1024             |0.588000         |0.085000         |
1024             |0.589000         |0.085000         |
1024             |0.591000         |0.088000         |
1024             |0.584000         |0.087000         |
1024             |0.643000         |0.108000         |
1024             |0.588000         |0.084000         |
1024             |0.578000         |0.090000         |
1024             |0.593000         |0.090000         |
1024             |0.577000         |0.088000         |
1024             |0.574000         |0.087000         |
1024             |0.574000         |0.082000         |
1024             |0.556000         |0.088000         |
1024             |0.599000         |0.085000         |
1024             |0.589000         |0.096000         |
1024             |0.597000         |0.089000         |
1024             |0.590000         |0.104000         |
1024             |0.601000         |0.083000         |
1024             |0.584000         |0.086000         |
1024             |0.645000         |0.105000         |
1024             |0.616000         |0.082000         |
1024             |0.571000         |0.082000         |
1024             |0.625000         |0.110000         |
1024             |0.579000         |0.084000         |
1024             |0.590000         |0.098000         |
1024             |0.755000         |0.108000         |
1024             |0.676000         |0.094000         |
1024             |0.636000         |0.096000         |
1024             |0.611000         |0.089000         |
1024             |0.581000         |0.085000         |
1024             |0.595000         |0.089000         |
1024             |0.588000         |0.101000         |
1024             |0.618000         |0.085000         |
1024             |0.576000         |0.090000         |
1024             |0.577000         |0.095000         |
1024             |0.594000         |0.086000         |
1024             |0.581000         |0.082000         |
1024             |0.601000         |0.085000         |
1024             |0.577000         |0.087000         |
1024             |0.608000         |0.099000         |
1024             |0.646000         |0.098000         |
1024             |0.648000         |0.099000         |
1024             |0.639000         |0.100000         |
1024             |0.649000         |0.102000         |
1024             |0.647000         |0.097000         |
1024             |0.633000         |0.106000         |
1024             |0.643000         |0.127000         |
1024             |0.911000         |0.082000         |
1024             |0.665000         |0.102000         |
1024             |0.648000         |0.157000         |
1024             |0.908000         |0.119000         |
1024             |0.740000         |0.119000         |
1024             |0.723000         |0.104000         |
1024             |0.661000         |0.101000         |
1024             |0.686000         |0.096000         |
1024             |0.663000         |0.112000         |
1024             |0.638000         |0.089000         |
1024             |0.620000         |0.098000         |
1024             |0.649000         |0.099000         |
1024             |0.657000         |0.098000         |
1024             |0.668000         |0.102000         |
1024             |0.666000         |0.108000         |
1024             |0.669000         |0.099000         |
1024             |0.654000         |0.100000         |
1024             |0.683000         |0.103000         |
1024             |0.655000         |0.104000         |
1024             |0.668000         |0.106000         |
1024             |0.683000         |0.100000         |
1024             |0.640000         |0.097000         |
1024             |0.639000         |0.099000         |
1024             |0.645000         |0.098000         |
1024             |0.658000         |0.109000         |
1024             |0.665000         |0.103000         |
1024             |0.631000         |0.102000         |
1024             |0.731000         |0.100000         |
1024             |0.688000         |0.099000         |
1024             |0.644000         |0.100000         |
1024             |0.663000         |0.103000         |
1024             |0.639000         |0.103000         |
1024             |0.668000         |0.099000         |
1024             |0.650000         |0.098000         |
1024             |0.666000         |0.106000         |
1024             |0.651000         |0.103000         |
1024             |0.664000         |0.103000         |
1024             |0.651000         |0.106000         |
1024             |0.658000         |0.106000         |
1024             |0.642000         |0.103000         |
1024             |0.647000         |0.101000         |
1024             |0.664000         |0.105000         |
1024             |0.662000         |0.098000         |
1024             |0.642000         |0.104000         |
1024             |0.661000         |0.098000         |
1024             |0.633000         |0.101000         |
1024             |0.692000         |0.095000         |
1024             |0.682000         |0.107000         |
1024             |0.655000         |0.111000         |
1024             |0.652000         |0.098000         |
1024             |0.637000         |0.098000         |
1024             |0.660000         |0.099000         |
1024             |0.680000         |0.106000         |
1024             |0.672000         |0.100000         |
1024             |0.649000         |0.099000         |
1024             |0.674000         |0.104000         |
1024             |0.653000         |0.101000         |
1024             |0.650000         |0.110000         |
1024             |0.742000         |0.116000         |
1024             |0.709000         |0.121000         |
1024             |0.646000         |0.099000         |
1024             |0.615000         |0.087000         |
1024             |0.560000         |0.082000         |
1024             |0.622000         |0.087000         |
1024             |0.584000         |0.087000         |
1024             |0.592000         |0.085000         |
1024             |0.596000         |0.089000         |
1024             |0.614000         |0.097000         |
1024             |0.585000         |0.084000         |
1024             |0.600000         |0.084000         |
1024             |0.583000         |0.090000         |
1024             |0.597000         |0.087000         |
1024             |0.576000         |0.084000         |
1024             |0.565000         |0.086000         |
1024             |0.601000         |0.082000         |
1024             |0.606000         |0.088000         |
1024             |0.587000         |0.089000         |
1024             |0.594000         |0.088000         |
1024             |0.593000         |0.090000         |
1024             |0.600000         |0.087000         |
1024             |0.589000         |0.088000         |
1024             |0.609000         |0.087000         |
1024             |0.595000         |0.087000         |
1024             |0.706000         |0.110000         |
1024             |0.650000         |0.089000         |
1024             |0.598000         |0.087000         |
1024             |0.593000         |0.088000         |
1024             |0.575000         |0.089000         |
1024             |0.582000         |0.086000         |
1024             |0.576000         |0.088000         |
1024             |0.767000         |0.106000         |
1024             |0.593000         |0.097000         |
1024             |0.599000         |0.090000         |
1024             |0.571000         |0.089000         |
1024             |0.587000         |0.087000         |
1024             |0.581000         |0.085000         |
1024             |0.575000         |0.086000         |
1024             |0.579000         |0.083000         |
1024             |0.577000         |0.095000         |
1024             |0.606000         |0.085000         |
1024             |0.573000         |0.085000         |
1024             |0.563000         |0.085000         |
1024             |0.582000         |0.086000         |
1024             |0.592000         |0.090000         |
1024             |0.585000         |0.084000         |
1024             |0.611000         |0.090000         |
1024             |0.575000         |0.086000         |
1024             |0.576000         |0.085000         |
1024             |0.570000         |0.091000         |
1024             |0.619000         |0.087000         |
1024             |0.580000         |0.093000         |
1024             |0.573000         |0.085000         |
1024             |0.750000         |0.086000         |
1024             |0.619000         |0.085000         |
2048             |1.204000         |0.405000         |
2048             |1.160000         |0.417000         |
2048             |1.231000         |0.411000         |
2048             |1.252000         |0.419000         |
2048             |1.222000         |0.414000         |
2048             |1.199000         |0.423000         |
2048             |1.292000         |0.421000         |
2048             |1.185000         |0.414000         |
2048             |1.160000         |0.401000         |
2048             |1.164000         |0.400000         |
2048             |1.167000         |0.400000         |
2048             |1.201000         |0.408000         |
2048             |1.166000         |0.402000         |
2048             |1.183000         |0.397000         |
2048             |1.181000         |0.410000         |
2048             |1.207000         |0.413000         |
2048             |1.177000         |0.399000         |
2048             |1.221000         |0.408000         |
2048             |1.175000         |0.402000         |
2048             |1.179000         |0.401000         |
2048             |1.199000         |0.393000         |
2048             |1.179000         |0.400000         |
2048             |1.188000         |0.426000         |
2048             |1.192000         |0.401000         |
2048             |1.186000         |0.403000         |
2048             |1.179000         |0.404000         |
2048             |1.180000         |0.403000         |
2048             |1.174000         |0.403000         |
2048             |1.177000         |0.402000         |
2048             |1.174000         |0.410000         |
2048             |1.176000         |0.411000         |
2048             |1.183000         |0.426000         |
2048             |1.190000         |0.403000         |
2048             |1.215000         |0.423000         |
2048             |1.258000         |0.414000         |
2048             |1.198000         |0.401000         |
2048             |1.188000         |0.405000         |
2048             |1.191000         |0.452000         |
2048             |1.243000         |0.432000         |
2048             |1.237000         |0.423000         |
2048             |1.228000         |0.403000         |
2048             |1.226000         |0.419000         |
2048             |1.202000         |0.420000         |
2048             |1.202000         |0.403000         |
2048             |1.197000         |0.409000         |
2048             |1.211000         |0.417000         |
2048             |1.240000         |0.406000         |
2048             |1.255000         |0.403000         |
2048             |1.203000         |0.407000         |
2048             |1.222000         |0.430000         |
2048             |1.234000         |0.407000         |
2048             |1.195000         |0.404000         |
2048             |1.151000         |0.406000         |
2048             |1.181000         |0.400000         |
2048             |1.196000         |0.401000         |
2048             |1.168000         |0.402000         |
2048             |1.173000         |0.414000         |
2048             |1.212000         |0.406000         |
2048             |1.189000         |0.424000         |
2048             |1.187000         |0.397000         |
2048             |1.168000         |0.404000         |
2048             |1.161000         |0.394000         |
2048             |1.205000         |0.407000         |
2048             |1.164000         |0.395000         |
2048             |1.146000         |0.390000         |
2048             |1.133000         |0.394000         |
2048             |1.174000         |0.397000         |
2048             |1.163000         |0.400000         |
2048             |1.158000         |0.390000         |
2048             |1.165000         |0.388000         |
2048             |1.147000         |0.397000         |
2048             |1.153000         |0.392000         |
2048             |1.138000         |0.400000         |
2048             |1.142000         |0.393000         |
2048             |1.142000         |0.398000         |
2048             |1.146000         |0.393000         |
2048             |1.162000         |0.395000         |
2048             |1.150000         |0.391000         |
2048             |1.153000         |0.403000         |
2048             |1.175000         |0.413000         |
2048             |1.144000         |0.393000         |
2048             |1.176000         |0.394000         |
2048             |1.151000         |0.396000         |
2048             |1.150000         |0.398000         |
2048             |1.153000         |0.400000         |
2048             |1.149000         |0.389000         |
2048             |1.144000         |0.395000         |
2048             |1.152000         |0.396000         |
2048             |1.150000         |0.390000         |
2048             |1.144000         |0.392000         |
2048             |1.144000         |0.393000         |
2048             |1.153000         |0.398000         |
2048             |1.150000         |0.396000         |
2048             |1.153000         |0.392000         |
2048             |1.146000         |0.403000         |
2048             |1.153000         |0.394000         |
2048             |1.137000         |0.391000         |
2048             |1.151000         |0.387000         |
2048             |1.158000         |0.387000         |
2048             |1.149000         |0.390000         |
2048             |1.150000         |0.393000         |
2048             |1.151000         |0.397000         |
2048             |1.138000         |0.404000         |
2048             |1.148000         |0.394000         |
2048             |1.152000         |0.410000         |
2048             |1.141000         |0.402000         |
2048             |1.148000         |0.399000         |
2048             |1.154000         |0.398000         |
2048             |1.151000         |0.391000         |
2048             |1.153000         |0.403000         |
2048             |1.145000         |0.392000         |
2048             |1.159000         |0.395000         |
2048             |1.153000         |0.391000         |
2048             |1.164000         |0.398000         |
2048             |1.148000         |0.392000         |
2048             |1.156000         |0.389000         |
2048             |1.140000         |0.397000         |
2048             |1.155000         |0.401000         |
2048             |1.140000         |0.393000         |
2048             |1.144000         |0.394000         |
2048             |1.138000         |0.398000         |
2048             |1.156000         |0.392000         |
2048             |1.143000         |0.396000         |
2048             |1.137000         |0.407000         |
2048             |1.161000         |0.395000         |
2048             |1.142000         |0.389000         |
2048             |1.149000         |0.402000         |
2048             |1.139000         |0.395000         |
2048             |1.132000         |0.402000         |
2048             |1.153000         |0.397000         |
2048             |1.160000         |0.391000         |
2048             |1.147000         |0.397000         |
2048             |1.151000         |0.394000         |
2048             |1.141000         |0.401000         |
2048             |1.154000         |0.393000         |
2048             |1.159000         |0.397000         |
2048             |1.149000         |0.394000         |
2048             |1.142000         |0.395000         |
2048             |1.146000         |0.394000         |
2048             |1.155000         |0.398000         |
2048             |1.147000         |0.397000         |
2048             |1.140000         |0.393000         |
2048             |1.141000         |0.394000         |
2048             |1.161000         |0.402000         |
2048             |1.141000         |0.392000         |
2048             |1.147000         |0.396000         |
2048             |1.154000         |0.396000         |
2048             |1.154000         |0.395000         |
2048             |1.145000         |0.399000         |
2048             |1.143000         |0.403000         |
2048             |1.138000         |0.392000         |
2048             |1.142000         |0.395000         |
2048             |1.153000         |0.388000         |
2048             |1.158000         |0.392000         |
2048             |1.149000         |0.397000         |
2048             |1.143000         |0.396000         |
2048             |1.149000         |0.391000         |
2048             |1.146000         |0.398000         |
2048             |1.147000         |0.401000         |
2048             |1.150000         |0.402000         |
2048             |1.143000         |0.391000         |
2048             |1.153000         |0.396000         |
2048             |1.142000         |0.392000         |
2048             |1.154000         |0.397000         |
2048             |1.154000         |0.395000         |
2048             |1.146000         |0.396000         |
2048             |1.154000         |0.394000         |
2048             |1.137000         |0.396000         |
2048             |1.142000         |0.397000         |
2048             |1.149000         |0.399000         |
2048             |1.163000         |0.391000         |
2048             |1.149000         |0.402000         |
2048             |1.138000         |0.394000         |
2048             |1.170000         |0.397000         |
2048             |1.142000         |0.400000         |
2048             |1.148000         |0.397000         |
2048             |1.157000         |0.395000         |
2048             |1.138000         |0.387000         |
2048             |1.159000         |0.390000         |
2048             |1.142000         |0.393000         |
2048             |1.137000         |0.396000         |
2048             |1.139000         |0.399000         |
2048             |1.160000         |0.389000         |
2048             |1.137000         |0.395000         |
2048             |1.139000         |0.392000         |
2048             |1.145000         |0.401000         |
2048             |1.144000         |0.390000         |
2048             |1.157000         |0.396000         |
2048             |1.149000         |0.399000         |
2048             |1.149000         |0.390000         |
2048             |1.147000         |0.395000         |
2048             |1.147000         |0.400000         |
2048             |1.178000         |0.395000         |
2048             |1.197000         |0.405000         |
2048             |1.216000         |0.414000         |
2048             |1.217000         |0.415000         |
2048             |1.165000         |0.401000         |
2048             |1.160000         |0.401000         |
2048             |1.184000         |0.405000         |
2048             |1.180000         |0.397000         |
3072             |2.232000         |0.970000         |
3072             |2.234000         |0.921000         |
3072             |2.169000         |0.941000         |
3072             |2.184000         |0.931000         |
3072             |2.197000         |0.944000         |
3072             |2.175000         |0.924000         |
3072             |2.197000         |0.933000         |
3072             |2.176000         |0.923000         |
3072             |2.185000         |0.930000         |
3072             |2.215000         |0.935000         |
3072             |2.175000         |0.930000         |
3072             |2.207000         |0.926000         |
3072             |2.174000         |0.931000         |
3072             |2.192000         |0.927000         |
3072             |2.176000         |0.927000         |
3072             |2.176000         |0.919000         |
3072             |2.177000         |0.922000         |
3072             |2.184000         |0.925000         |
3072             |2.189000         |0.919000         |
3072             |2.178000         |0.922000         |
3072             |2.178000         |0.923000         |
3072             |2.175000         |0.941000         |
3072             |2.174000         |0.928000         |
3072             |2.181000         |0.922000         |
3072             |2.164000         |0.924000         |
3072             |2.194000         |0.930000         |
3072             |2.172000         |0.942000         |
3072             |2.201000         |0.925000         |
3072             |2.181000         |0.940000         |
3072             |2.196000         |0.927000         |
3072             |2.199000         |0.940000         |
3072             |2.181000         |0.930000         |
3072             |2.190000         |0.920000         |
3072             |2.180000         |0.928000         |
3072             |2.150000         |0.926000         |
3072             |2.180000         |0.924000         |
3072             |2.166000         |0.923000         |
3072             |2.154000         |0.936000         |
3072             |2.166000         |0.917000         |
3072             |2.163000         |0.922000         |
3072             |2.183000         |0.919000         |
3072             |2.176000         |0.930000         |
3072             |2.173000         |0.922000         |
3072             |2.175000         |0.926000         |
3072             |2.177000         |0.921000         |
3072             |2.181000         |0.916000         |
3072             |2.190000         |0.921000         |
3072             |2.173000         |0.927000         |
3072             |2.153000         |0.930000         |
3072             |2.222000         |0.928000         |
3072             |2.180000         |0.936000         |
3072             |2.195000         |0.932000         |
3072             |2.194000         |0.932000         |
3072             |2.169000         |0.934000         |
3072             |2.175000         |0.921000         |
3072             |2.188000         |0.932000         |
3072             |2.187000         |0.920000         |
3072             |2.163000         |0.941000         |
3072             |2.181000         |0.916000         |
3072             |2.178000         |0.935000         |
3072             |2.185000         |0.931000         |
3072             |2.179000         |0.934000         |
3072             |2.180000         |0.918000         |
3072             |2.164000         |0.929000         |
3072             |2.175000         |0.936000         |
3072             |2.163000         |0.929000         |
3072             |2.160000         |0.940000         |
3072             |2.186000         |0.929000         |
3072             |2.196000         |0.931000         |
3072             |2.167000         |0.921000         |
3072             |2.174000         |0.934000         |
3072             |2.182000         |0.930000         |
3072             |2.179000         |0.924000         |
3072             |2.171000         |0.930000         |
3072             |2.168000         |0.926000         |
3072             |2.186000         |0.923000         |
3072             |2.182000         |0.925000         |
3072             |2.199000         |0.950000         |
3072             |2.172000         |0.930000         |
3072             |2.178000         |0.932000         |
3072             |2.181000         |0.928000         |
3072             |2.181000         |0.921000         |
3072             |2.194000         |0.938000         |
3072             |2.166000         |0.932000         |
3072             |2.151000         |0.919000         |
3072             |2.168000         |0.930000         |
3072             |2.184000         |0.926000         |
3072             |2.195000         |0.946000         |
3072             |2.175000         |0.938000         |
3072             |2.201000         |0.925000         |
3072             |2.187000         |0.928000         |
3072             |2.172000         |0.939000         |
3072             |2.278000         |0.989000         |
3072             |2.303000         |0.960000         |
3072             |2.222000         |0.940000         |
3072             |2.201000         |0.923000         |
3072             |2.172000         |0.939000         |
3072             |2.177000         |0.920000         |
3072             |2.209000         |0.922000         |
3072             |2.165000         |0.927000         |
3072             |2.172000         |0.935000         |
3072             |2.172000         |0.930000         |
3072             |2.191000         |0.923000         |
3072             |2.155000         |0.922000         |
3072             |2.174000         |0.924000         |
3072             |2.176000         |0.926000         |
3072             |2.178000         |0.930000         |
3072             |2.178000         |0.938000         |
3072             |2.167000         |0.922000         |
3072             |2.207000         |0.919000         |
3072             |2.164000         |0.920000         |
3072             |2.192000         |0.926000         |
3072             |2.187000         |0.928000         |
3072             |2.186000         |0.939000         |
3072             |2.186000         |0.925000         |
3072             |2.164000         |0.944000         |
3072             |2.168000         |0.928000         |
3072             |2.186000         |0.925000         |
3072             |2.192000         |0.928000         |
3072             |2.171000         |0.925000         |
3072             |2.184000         |0.918000         |
3072             |2.185000         |0.925000         |
3072             |2.173000         |0.931000         |
3072             |2.172000         |0.930000         |
3072             |2.169000         |0.931000         |
3072             |2.156000         |0.935000         |
3072             |2.183000         |0.916000         |
3072             |2.177000         |0.929000         |
3072             |2.176000         |0.923000         |
3072             |2.174000         |0.924000         |
3072             |2.159000         |0.934000         |
3072             |2.165000         |0.929000         |
3072             |2.174000         |0.927000         |
3072             |2.196000         |0.923000         |
3072             |2.165000         |0.920000         |
3072             |2.175000         |0.919000         |
3072             |2.175000         |0.928000         |
3072             |2.185000         |0.917000         |
3072             |2.181000         |0.938000         |
3072             |2.177000         |0.931000         |
3072             |2.164000         |0.929000         |
3072             |2.161000         |0.927000         |
3072             |2.179000         |0.935000         |
3072             |2.181000         |0.926000         |
3072             |2.157000         |0.932000         |
3072             |2.186000         |0.929000         |
3072             |2.175000         |0.924000         |
3072             |2.181000         |0.931000         |
3072             |2.190000         |0.922000         |
3072             |2.188000         |0.921000         |
3072             |2.184000         |0.931000         |
3072             |2.181000         |0.919000         |
3072             |2.196000         |0.929000         |
3072             |2.170000         |0.920000         |
3072             |2.201000         |0.927000         |
3072             |2.218000         |0.916000         |
3072             |2.192000         |0.930000         |
3072             |2.195000         |0.927000         |
3072             |2.193000         |0.927000         |
3072             |2.181000         |0.937000         |
3072             |2.169000         |0.931000         |
3072             |2.178000         |0.921000         |
3072             |2.189000         |0.924000         |
3072             |2.176000         |0.929000         |
3072             |2.193000         |0.941000         |
3072             |2.178000         |0.930000         |
3072             |2.190000         |0.928000         |
3072             |2.188000         |0.938000         |
3072             |2.183000         |0.923000         |
3072             |2.189000         |0.937000         |
3072             |2.204000         |0.918000         |
3072             |2.190000         |0.918000         |
3072             |2.160000         |0.916000         |
3072             |2.167000         |0.934000         |
3072             |2.174000         |0.928000         |
3072             |2.187000         |0.934000         |
3072             |2.174000         |0.922000         |
3072             |2.188000         |0.932000         |
3072             |2.169000         |0.929000         |
3072             |2.170000         |0.923000         |
3072             |2.180000         |0.920000         |
3072             |2.185000         |0.911000         |
3072             |2.176000         |0.925000         |
3072             |2.226000         |0.935000         |
3072             |2.191000         |0.917000         |
3072             |2.197000         |0.928000         |
3072             |2.190000         |0.928000         |
3072             |2.180000         |0.924000         |
3072             |2.229000         |0.945000         |
3072             |2.216000         |0.979000         |
3072             |2.258000         |0.978000         |
3072             |2.229000         |0.932000         |
3072             |2.164000         |0.942000         |
3072             |2.167000         |0.945000         |
3072             |2.160000         |0.940000         |
3072             |2.162000         |0.930000         |
3072             |2.176000         |0.930000         |
3072             |2.170000         |0.920000         |
3072             |2.171000         |0.932000         |
3072             |2.184000         |0.923000         |
7680             |11.372000        |5.610000         |
7680             |11.396000        |5.629000         |
7680             |11.354000        |5.603000         |
7680             |11.397000        |5.612000         |
7680             |11.347000        |5.656000         |
7680             |11.385000        |5.607000         |
7680             |11.358000        |5.600000         |
7680             |11.376000        |5.604000         |
7680             |11.419000        |5.600000         |
7680             |11.372000        |5.714000         |
7680             |11.382000        |5.573000         |
7680             |11.355000        |5.586000         |
7680             |11.559000        |5.747000         |
7680             |11.331000        |5.653000         |
7680             |11.401000        |5.604000         |
7680             |11.351000        |5.595000         |
7680             |11.384000        |5.596000         |
7680             |11.518000        |5.855000         |
7680             |12.082000        |5.681000         |
7680             |12.036000        |5.939000         |
7680             |11.997000        |5.892000         |
7680             |11.997000        |5.918000         |
7680             |12.069000        |5.923000         |
7680             |11.931000        |5.812000         |
7680             |11.999000        |5.946000         |
7680             |12.072000        |5.937000         |
7680             |11.961000        |5.850000         |
7680             |11.895000        |5.836000         |
7680             |11.882000        |5.629000         |
7680             |11.776000        |5.617000         |
7680             |11.413000        |5.604000         |
7680             |11.355000        |5.702000         |
7680             |11.687000        |5.774000         |
7680             |12.065000        |5.933000         |
7680             |11.948000        |5.881000         |
7680             |12.090000        |5.754000         |
7680             |12.404000        |6.013000         |
7680             |11.468000        |5.638000         |
7680             |11.404000        |5.632000         |
7680             |11.391000        |5.632000         |
7680             |11.402000        |5.613000         |
7680             |11.383000        |5.603000         |
7680             |11.383000        |5.587000         |
7680             |11.355000        |5.624000         |
7680             |11.425000        |5.620000         |
7680             |11.410000        |5.620000         |
7680             |11.631000        |5.689000         |
7680             |11.503000        |5.630000         |
7680             |11.418000        |5.625000         |
7680             |11.393000        |5.603000         |
7680             |11.433000        |5.633000         |
7680             |11.397000        |5.625000         |
7680             |11.430000        |5.657000         |
7680             |11.415000        |5.609000         |
7680             |11.395000        |5.624000         |
7680             |11.365000        |5.604000         |
7680             |11.395000        |5.607000         |
7680             |11.383000        |5.581000         |
7680             |11.342000        |5.603000         |
7680             |11.325000        |5.594000         |
7680             |11.377000        |5.849000         |
7680             |11.506000        |5.619000         |
7680             |11.386000        |5.590000         |
7680             |11.369000        |5.594000         |
7680             |11.679000        |5.592000         |
7680             |11.319000        |5.575000         |
7680             |11.359000        |5.630000         |
7680             |11.370000        |5.590000         |
7680             |11.347000        |5.593000         |
7680             |11.390000        |5.609000         |
7680             |11.383000        |5.603000         |
7680             |11.323000        |5.620000         |
7680             |11.813000        |6.546000         |
7680             |12.445000        |5.603000         |
7680             |11.356000        |5.589000         |
7680             |11.375000        |5.588000         |
7680             |11.348000        |5.601000         |
7680             |11.356000        |5.591000         |
7680             |11.347000        |5.624000         |
7680             |11.333000        |5.583000         |
7680             |11.385000        |5.614000         |
7680             |11.503000        |5.770000         |
7680             |11.451000        |5.622000         |
7680             |11.389000        |5.582000         |
7680             |11.369000        |5.634000         |
7680             |11.386000        |5.603000         |
7680             |11.396000        |5.595000         |
7680             |11.334000        |5.605000         |
7680             |11.342000        |5.596000         |
7680             |11.356000        |5.588000         |
7680             |11.328000        |5.658000         |
7680             |11.410000        |5.588000         |
7680             |11.362000        |5.610000         |
7680             |11.366000        |5.592000         |
7680             |11.366000        |5.611000         |
7680             |11.434000        |5.597000         |
7680             |11.437000        |5.625000         |
7680             |11.381000        |5.599000         |
7680             |11.410000        |5.622000         |
7680             |11.664000        |5.640000         |
7680             |11.408000        |5.596000         |
7680             |11.385000        |5.613000         |
7680             |11.382000        |5.614000         |
7680             |11.390000        |5.616000         |
7680             |11.393000        |5.610000         |
7680             |11.405000        |5.601000         |
7680             |11.347000        |5.582000         |
7680             |11.341000        |5.575000         |
7680             |11.354000        |5.606000         |
7680             |11.439000        |5.594000         |
7680             |11.390000        |5.609000         |
7680             |11.432000        |5.592000         |
7680             |11.366000        |5.608000         |
7680             |11.360000        |5.615000         |
7680             |11.355000        |5.616000         |
7680             |11.341000        |5.605000         |
7680             |11.355000        |5.805000         |
7680             |11.462000        |5.593000         |
7680             |11.368000        |5.596000         |
7680             |11.375000        |5.612000         |
7680             |11.378000        |5.600000         |
7680             |11.405000        |5.601000         |
7680             |11.407000        |5.586000         |
7680             |11.350000        |5.600000         |
7680             |11.379000        |5.596000         |
7680             |11.341000        |5.595000         |
7680             |11.375000        |5.630000         |
7680             |11.358000        |5.592000         |
7680             |11.396000        |5.613000         |
7680             |11.333000        |5.588000         |
7680             |11.336000        |5.601000         |
7680             |11.379000        |5.613000         |
7680             |11.410000        |5.598000         |
7680             |11.397000        |5.615000         |
7680             |11.590000        |5.632000         |
7680             |11.385000        |5.602000         |
7680             |11.371000        |5.592000         |
7680             |11.595000        |5.899000         |
7680             |12.079000        |5.858000         |
7680             |11.908000        |5.917000         |
7680             |11.948000        |6.062000         |
7680             |11.875000        |5.677000         |
7680             |11.353000        |5.629000         |
7680             |11.370000        |5.627000         |
7680             |11.377000        |5.609000         |
7680             |11.381000        |5.593000         |
7680             |11.371000        |5.646000         |
7680             |11.446000        |5.618000         |
7680             |11.353000        |5.591000         |
7680             |11.348000        |5.604000         |
7680             |11.378000        |5.631000         |
7680             |11.387000        |5.867000         |
7680             |11.511000        |5.641000         |
7680             |11.385000        |5.622000         |
7680             |11.377000        |5.784000         |
7680             |11.497000        |5.634000         |
7680             |11.379000        |5.639000         |
7680             |11.412000        |5.598000         |
7680             |11.393000        |5.629000         |
7680             |11.356000        |5.588000         |
7680             |11.316000        |5.629000         |
7680             |11.366000        |5.622000         |
7680             |11.382000        |5.611000         |
7680             |11.317000        |5.608000         |
7680             |11.360000        |5.614000         |
7680             |11.362000        |5.610000         |
7680             |11.415000        |5.635000         |
7680             |11.346000        |5.602000         |
7680             |11.387000        |5.632000         |
7680             |11.583000        |5.629000         |
7680             |11.401000        |5.612000         |
7680             |11.363000        |5.595000         |
7680             |11.388000        |5.636000         |
7680             |11.358000        |5.622000         |
7680             |11.350000        |5.608000         |
7680             |11.436000        |5.659000         |
7680             |11.406000        |5.618000         |
7680             |11.422000        |5.629000         |
7680             |11.336000        |5.628000         |
7680             |11.389000        |5.625000         |
7680             |11.391000        |5.607000         |
7680             |11.378000        |5.619000         |
7680             |11.397000        |5.613000         |
7680             |11.379000        |5.617000         |
7680             |11.449000        |5.619000         |
7680             |11.375000        |5.626000         |
7680             |11.419000        |5.640000         |
7680             |11.676000        |5.681000         |
7680             |11.388000        |5.593000         |
7680             |11.333000        |5.586000         |
7680             |11.430000        |5.589000         |
7680             |11.344000        |5.606000         |
7680             |11.338000        |5.575000         |
7680             |11.361000        |5.603000         |
7680             |11.388000        |5.590000         |
7680             |11.423000        |5.612000         |
7680             |11.386000        |5.610000         |
7680             |11.401000        |5.615000         |
7680             |11.358000        |5.610000         |
7680             |11.370000        |5.603000         |
15360            |45.398000        |23.324000        |
15360            |45.364000        |23.026000        |
15360            |45.311000        |22.962000        |
15360            |45.360000        |22.954000        |
15360            |45.281000        |23.003000        |
15360            |45.602000        |23.007000        |
15360            |45.332000        |22.995000        |
15360            |45.294000        |22.913000        |
15360            |45.268000        |22.962000        |
15360            |45.571000        |23.026000        |
15360            |45.414000        |23.093000        |
15360            |45.267000        |22.973000        |
15360            |45.287000        |22.969000        |
15360            |45.247000        |23.310000        |
15360            |45.412000        |23.009000        |
15360            |45.327000        |22.992000        |
15360            |45.405000        |22.911000        |
15360            |45.300000        |22.966000        |
15360            |45.674000        |22.998000        |
15360            |45.382000        |23.052000        |
15360            |45.377000        |22.955000        |
15360            |45.396000        |22.996000        |
15360            |45.371000        |23.223000        |
15360            |45.208000        |23.058000        |
15360            |45.297000        |23.063000        |
15360            |45.357000        |22.935000        |
15360            |45.269000        |23.011000        |
15360            |45.761000        |23.017000        |
15360            |45.368000        |22.922000        |
15360            |45.422000        |22.957000        |
15360            |45.338000        |22.989000        |
15360            |45.548000        |23.537000        |
15360            |46.674000        |23.665000        |
15360            |45.468000        |23.057000        |
15360            |45.408000        |23.033000        |
15360            |45.267000        |23.410000        |
15360            |45.388000        |23.009000        |
15360            |45.315000        |22.999000        |
15360            |45.322000        |23.082000        |
15360            |45.369000        |23.038000        |
15360            |45.823000        |23.028000        |
15360            |45.292000        |22.954000        |
15360            |45.371000        |22.966000        |
15360            |45.388000        |23.052000        |
15360            |45.696000        |22.996000        |
15360            |45.384000        |22.942000        |
15360            |45.232000        |22.961000        |
15360            |45.322000        |22.960000        |
15360            |45.300000        |23.386000        |
15360            |45.350000        |22.984000        |
15360            |45.205000        |22.978000        |
15360            |45.295000        |23.044000        |
15360            |45.291000        |23.025000        |
15360            |45.765000        |23.005000        |
15360            |46.781000        |24.476000        |
15360            |47.606000        |24.304000        |
15360            |47.084000        |23.643000        |
15360            |45.806000        |22.998000        |
15360            |45.351000        |22.981000        |
15360            |45.354000        |23.034000        |
15360            |45.323000        |23.296000        |
15360            |45.626000        |23.315000        |
15360            |45.328000        |22.966000        |
15360            |45.289000        |22.989000        |
15360            |45.290000        |23.003000        |
15360            |45.375000        |22.972000        |
15360            |45.807000        |22.986000        |
15360            |45.244000        |22.974000        |
15360            |45.354000        |22.999000        |
15360            |45.307000        |23.033000        |
15360            |45.672000        |23.002000        |
15360            |45.382000        |22.990000        |
15360            |45.381000        |22.971000        |
15360            |45.351000        |23.007000        |
15360            |45.342000        |23.238000        |
15360            |45.460000        |23.017000        |
15360            |45.353000        |22.984000        |
15360            |45.363000        |22.984000        |
15360            |45.381000        |23.012000        |
15360            |45.766000        |22.917000        |
15360            |45.469000        |23.089000        |
15360            |45.242000        |23.009000        |
15360            |45.337000        |22.985000        |
15360            |45.245000        |23.322000        |
15360            |45.387000        |22.989000        |
15360            |45.290000        |22.964000        |
15360            |45.317000        |23.023000        |
15360            |45.408000        |23.009000        |
15360            |45.714000        |23.045000        |
15360            |45.391000        |23.022000        |
15360            |45.358000        |22.973000        |
15360            |45.228000        |23.025000        |
15360            |45.701000        |22.986000        |
15360            |45.349000        |23.005000        |
15360            |45.388000        |23.032000        |
15360            |45.242000        |23.069000        |
15360            |45.278000        |23.311000        |
15360            |45.419000        |22.977000        |
15360            |45.457000        |22.984000        |
15360            |45.328000        |23.042000        |
15360            |45.319000        |23.039000        |
15360            |45.805000        |23.022000        |
15360            |47.138000        |25.382000        |
15360            |48.286000        |24.849000        |
15360            |47.723000        |23.504000        |
15360            |45.895000        |23.052000        |
15360            |45.511000        |23.062000        |
15360            |45.449000        |23.044000        |
15360            |45.526000        |23.049000        |
15360            |45.403000        |23.742000        |
15360            |45.451000        |23.044000        |
15360            |45.322000        |23.028000        |
15360            |45.433000        |22.963000        |
15360            |45.391000        |22.972000        |
15360            |45.688000        |23.020000        |
15360            |45.305000        |22.990000        |
15360            |45.365000        |23.127000        |
15360            |45.319000        |23.016000        |
15360            |45.661000        |23.032000        |
15360            |45.426000        |22.962000        |
15360            |45.326000        |22.963000        |
15360            |45.324000        |22.987000        |
15360            |45.455000        |23.303000        |
15360            |45.323000        |22.978000        |
15360            |45.307000        |22.981000        |
15360            |45.269000        |23.124000        |
15360            |45.337000        |22.968000        |
15360            |45.779000        |23.019000        |
15360            |45.287000        |23.042000        |
15360            |45.355000        |23.041000        |
15360            |45.335000        |23.102000        |
15360            |45.406000        |23.387000        |
15360            |45.300000        |23.034000        |
15360            |45.397000        |23.055000        |
15360            |45.305000        |23.010000        |
15360            |45.434000        |22.948000        |
15360            |45.699000        |23.028000        |
15360            |45.211000        |22.980000        |
15360            |45.250000        |22.974000        |
15360            |45.173000        |22.948000        |
15360            |45.727000        |23.031000        |
15360            |45.313000        |22.948000        |
15360            |45.242000        |22.985000        |
15360            |45.288000        |22.969000        |
15360            |45.317000        |23.443000        |
15360            |45.339000        |23.112000        |
15360            |45.318000        |22.997000        |
15360            |45.397000        |22.938000        |
15360            |45.354000        |22.966000        |
15360            |45.829000        |22.975000        |
15360            |45.397000        |23.049000        |
15360            |45.307000        |22.970000        |
15360            |45.279000        |23.011000        |
15360            |45.736000        |23.029000        |
15360            |45.471000        |23.025000        |
15360            |45.399000        |22.994000        |
15360            |45.376000        |23.020000        |
15360            |45.400000        |23.380000        |
15360            |45.491000        |23.057000        |
15360            |45.482000        |23.025000        |
15360            |45.356000        |23.034000        |
15360            |45.424000        |22.992000        |
15360            |45.729000        |23.024000        |
15360            |45.405000        |23.007000        |
15360            |45.214000        |23.053000        |
15360            |45.303000        |22.982000        |
15360            |45.333000        |23.389000        |
15360            |45.266000        |22.947000        |
15360            |45.282000        |22.919000        |
15360            |45.322000        |22.990000        |
15360            |45.387000        |22.991000        |
15360            |45.711000        |22.989000        |
15360            |45.202000        |22.972000        |
15360            |45.204000        |23.023000        |
15360            |45.228000        |23.030000        |
15360            |45.692000        |22.950000        |
15360            |45.183000        |22.964000        |
15360            |45.372000        |23.003000        |
15360            |45.295000        |22.964000        |
15360            |45.318000        |23.336000        |
15360            |45.369000        |22.966000        |
15360            |45.251000        |23.040000        |
15360            |45.307000        |22.927000        |
15360            |45.341000        |23.067000        |
15360            |45.773000        |23.000000        |
15360            |45.290000        |23.008000        |
15360            |45.258000        |23.009000        |
15360            |45.282000        |23.067000        |
15360            |45.561000        |23.164000        |
15360            |45.346000        |23.000000        |
15360            |45.319000        |22.956000        |
15360            |45.353000        |22.953000        |
15360            |45.292000        |23.086000        |
15360            |45.695000        |23.068000        |
15360            |45.335000        |22.991000        |
15360            |45.369000        |22.916000        |
15360            |45.409000        |22.975000        |
15360            |45.742000        |22.989000        |
15360            |45.287000        |23.003000        |
15360            |45.217000        |23.038000        |
